1917 P 0.00287375 1
1680 P 0.00272103 1
1752 _/ 0.00269974 0
1937 P 0.00267164 1
1443 P 0.0026531 1
1524 _/ 0.00262389 0
1460 _/ 0.00262389 0
983 P 0.00260741 1
1742 P 0.00257615 1
1196 P 0.00257314 1
1799 _/ 0.00255278 0
1691 P 0.00255165 1
1286 P 0.00255145 1
1841 P 0.00254967 1
1657 P 0.0025466 1
1877 P 0.00251598 1
1531 P 0.00250158 1
1667 P 0.00249612 1
1602 _/ 0.00247811 0
1759 P 0.00247505 1
1582 P 0.00246941 1
1194 P 0.00246822 1
1750 P 0.0024677 1
1113 P 0.00246522 1
1475 P 0.00246458 1
1428 P 0.00243856 1
1038 P 0.00242321 1
1519 P 0.00241784 1
1306 P 0.00241421 1
1506 P 0.0023968 1
1623 P 0.00238926 1
1834 P 0.00236933 1
1782 P 0.00236385 1
1417 P 0.00235848 1
905 P 0.00235055 1
1928 P 0.0023501 1
1705 P 0.00234818 1
1323 P 0.00234706 1
1415 P 0.00234404 1
1544 P 0.00233869 1
1242 P 0.00233447 1
2 P 0.0023337 1
882 P 0.00232847 1
1743 P 0.00232834 1
1052 P 0.0023278 1
1786 P 0.00232197 1
1054 P 0.00232053 1
1532 P 0.00232001 1
1476 P 0.00231776 1
1537 P 0.00231504 1
1458 P 0.0023135 1
1770 P 0.0023126 1
1909 P 0.00230976 1
1760 P 0.00230815 1
1747 P 0.00230538 1
1806 P 0.00230048 1
1546 P 0.00229778 1
1874 P 0.00229365 1
1819 P 0.00229035 1
1882 _/ 0.00228518 0
1858 P 0.00228234 1
1094 P 0.00227832 1
1736 P 0.00227777 1
1755 P 0.00227742 1
1098 P 0.00227706 1
1472 P 0.00227082 1
1502 P 0.00227008 1
1561 P 0.00226961 1
1628 P 0.00226764 1
1730 P 0.00225808 1
1737 P 0.00225383 1
1518 P 0.00225197 1
1650 P 0.00224364 1
918 P 0.00224148 1
1640 _/ 0.00223803 0
1505 P 0.00223648 1
1487 P 0.00222445 1
1673 P 0.00222084 1
1589 P 0.00220705 1
1522 P 0.00220528 1
1668 P 0.00220254 1
1771 P 0.00220195 1
1028 _/ 0.00220017 0
1584 P 0.00219987 1
1575 P 0.00219893 1
1605 _/ 0.00219522 0
653 P 0.00219425 1
1638 P 0.00219269 1
1843 P 0.00217615 1
1497 P 0.00217292 1
1036 P 0.00216966 1
1757 P 0.0021694 1
1593 P 0.00216906 1
1579 _/ 0.00216583 0
1931 P 0.0021648 1
1663 P 0.00216468 1
878 P 0.00216365 1
1065 P 0.00216199 1
1716 _/ 0.0021556 0
1608 P 0.00215143 1
1664 P 0.00215078 1
1765 P 0.0021492 1
1880 P 0.0021486 1
1383 P 0.0021472 1
1652 P 0.00214694 1
1585 P 0.00214596 1
1665 P 0.00214531 1
1682 _/ 0.00214488 0
908 P 0.00213972 1
1542 P 0.00213692 1
877 P 0.00213331 1
907 P 0.00212912 1
1818 P 0.00212744 1
894 P 0.00212628 1
1793 P 0.00212182 1
1186 P 0.00212161 1
1586 P 0.00212109 1
1829 P 0.00212046 1
1796 P 0.00211937 1
1637 P 0.00211843 1
1789 P 0.0021068 1
1523 _/ 0.00209711 0
1588 P 0.00209625 1
1801 P 0.00209074 1
1513 _/ 0.00208822 0
1080 P 0.00208771 1
1195 P 0.00208707 1
1191 _/ 0.00208691 0
1045 P 0.00208685 1
1096 P 0.00208405 1
1081 P 0.00208138 1
1020 P 0.00208095 1
1176 P 0.00207912 1
1482 P 0.00207759 1
1264 P 0.0020747 1
1293 P 0.00207417 1
1217 P 0.00207365 1
1684 P 0.00207298 1
1725 P 0.00206594 1
1562 _/ 0.00205558 0
1493 P 0.00205207 1
1468 P 0.00204825 1
1267 P 0.0020478 1
1343 P 0.00203886 1
1134 P 0.00203867 1
1926 P 0.00203276 1
1607 P 0.00203133 1
1904 P 0.00202641 1
50 P 0.00202611 1
1500 P 0.00202607 1
1282 P 0.00202533 1
1710 P 0.00202474 1
1521 P 0.00202094 1
1633 P 0.00201998 1
1871 P 0.00201905 1
1444 P 0.00201698 1
1601 P 0.00201511 1
1151 _/ 0.00201504 0
1022 P 0.0020121 1
1046 P 0.00201065 1
1467 P 0.00200965 1
1831 P 0.00200588 1
1245 P 0.00200507 1
1451 P 0.0020044 1
1010 P 0.00199366 1
1347 P 0.00199343 1
1648 P 0.00199309 1
922 _/ 0.00199183 0
1434 P 0.00198711 1
1788 P 0.00197946 1
1342 P 0.00197647 1
1031 P 0.00196834 1
1287 P 0.00196692 1
999 P 0.00196679 1
1091 P 0.00196477 1
1872 _/ 0.00195981 0
1794 _/ 0.00195713 0
1469 P 0.00195554 1
1266 P 0.001953 1
699 P 0.001953 1
1389 P 0.00194922 1
1013 P 0.00194821 1
1833 P 0.00194809 1
1809 P 0.00194511 1
959 P 0.0019397 1
1328 P 0.00193316 1
1218 P 0.00193258 1
1382 _/ 0.00192708 0
1878 P 0.00192684 1
378 P 0.00192571 1
1857 P 0.00192038 1
1762 P 0.0019196 1
1079 P 0.00191953 1
976 P 0.00191931 1
1727 P 0.00191092 1
1687 P 0.00190819 1
1670 P 0.00190625 1
881 P 0.00190002 1
1781 P 0.00189374 1
1294 P 0.00189208 1
1797 P 0.00188733 1
935 P 0.00188609 1
1137 P 0.0018852 1
1844 P 0.00188361 1
1905 P 0.00188277 1
1449 P 0.00188174 1
1442 P 0.00188156 1
1441 P 0.00188156 1
1002 P 0.00188058 1
964 P 0.00187956 1
253 P 0.00187956 1
1220 P 0.00187805 1
1800 P 0.00187498 1
1567 P 0.00187455 1
1058 P 0.00187455 1
1060 P 0.00186913 1
1565 P 0.00186905 1
271 P 0.0018656 1
1120 P 0.00186478 1
980 _/ 0.00186411 0
733 P 0.00186138 1
1361 _/ 0.00186115 0
1149 P 0.00186107 1
914 P 0.00186033 1
1371 P 0.00185598 1
1711 P 0.00185532 1
1003 P 0.00185317 1
1646 _/ 0.00184942 0
1178 P 0.00184923 1
1059 P 0.00184896 1
1429 P 0.0018474 1
895 P 0.0018474 1
1944 P 0.00184663 1
1390 P 0.00184236 1
1243 P 0.00183999 1
1256 P 0.00183918 1
954 P 0.00183918 1
377 P 0.00183751 1
1478 P 0.00183687 1
1625 P 0.00183579 1
884 P 0.00183445 1
1726 P 0.00183345 1
1599 _/ 0.00183166 0
1629 _/ 0.00183093 0
1719 P 0.00182657 1
1419 P 0.00182583 1
1923 P 0.001824 1
1112 P 0.00182311 1
926 P 0.00182288 1
55 P 0.00182072 1
1143 P 0.00182072 1
921 P 0.00182043 1
974 P 0.00181008 1
806 P 0.00180597 1
1576 P 0.00180541 1
1394 P 0.00179935 1
1439 P 0.0017976 1
224 P 0.00179757 1
1198 P 0.0017973 1
1082 P 0.00179447 1
1168 P 0.00178918 1
1230 P 0.00178899 1
917 P 0.00178393 1
1086 P 0.00178316 1
1873 P 0.00178033 1
1161 P 0.00177945 1
1704 P 0.0017785 1
1631 P 0.00177495 1
375 P 0.00177426 1
1501 P 0.00177322 1
1147 P 0.0017727 1
1083 P 0.00177262 1
1597 P 0.00177121 1
1545 P 0.00176692 1
1206 P 0.00176583 1
1836 P 0.00176509 1
420 P 0.00176409 1
1678 P 0.00176212 1
1595 _/ 0.00175829 0
1325 P 0.00175676 1
867 P 0.00175442 1
880 _/ 0.00175416 0
1581 P 0.00175046 1
1526 P 0.00175032 1
1289 P 0.00174971 1
1212 P 0.00174733 1
1717 P 0.00174449 1
1661 P 0.00174274 1
1100 P 0.00174212 1
1643 P 0.00174102 1
1465 P 0.00173881 1
967 P 0.00173734 1
1452 P 0.00173175 1
911 P 0.00173153 1
944 P 0.00173102 1
932 P 0.00173092 1
1866 P 0.00173047 1
1512 P 0.00173019 1
1867 P 0.00172735 1
1288 P 0.00172667 1
1888 P 0.00172377 1
1259 P 0.00172374 1
1484 _/ 0.00172336 0
1167 P 0.00172218 1
1396 P 0.00172218 1
1852 P 0.00172181 1
274 P 0.00172087 1
925 P 0.00172075 1
1494 P 0.00171929 1
1421 P 0.00171773 1
1183 P 0.00171653 1
1008 P 0.00171619 1
273 _/ 0.00171302 0
1337 P 0.00171291 1
1050 P 0.0017119 1
1139 P 0.00171007 1
1135 P 0.00171007 1
1034 P 0.00171007 1
1007 P 0.00171007 1
1148 P 0.00170971 1
1614 _/ 0.00170809 0
994 P 0.00170718 1
1896 P 0.00170623 1
1378 P 0.001706 1
1553 P 0.00170214 1
1455 P 0.00170039 1
996 P 0.00169914 1
1470 P 0.00169875 1
596 P 0.0016985 1
1924 P 0.00169767 1
1097 P 0.00169713 1
1656 P 0.00169688 1
1854 _/ 0.00169549 0
1876 P 0.00169423 1
946 P 0.00169026 1
1175 P 0.00168365 1
1369 P 0.00168357 1
1368 P 0.0016817 1
1356 P 0.00167889 1
1234 P 0.00167446 1
1839 P 0.00167382 1
854 P 0.00167291 1
452 P 0.00167291 1
1842 P 0.00167245 1
1925 P 0.00167138 1
49 P 0.00167095 1
1333 P 0.00166979 1
1254 P 0.00166979 1
1104 P 0.00166979 1
1017 P 0.00166979 1
1499 P 0.00166967 1
1169 P 0.00166944 1
1783 P 0.00166937 1
912 P 0.00166847 1
1552 P 0.00166799 1
752 P 0.00166787 1
1921 P 0.00166659 1
1204 P 0.00166659 1
896 P 0.00166659 1
942 P 0.0016648 1
1409 P 0.00166461 1
268 _/ 0.00166438 0
1138 P 0.00166331 1
909 P 0.00166175 1
326 P 0.00166149 1
1053 P 0.00166145 1
104 P 0.00166105 1
1438 P 0.00166022 1
1064 P 0.00166001 1
947 _/ 0.00165697 0
893 P 0.00165697 1
1592 P 0.00165549 1
1466 P 0.00165318 1
1775 P 0.00165073 1
1551 _/ 0.00164858 0
1384 P 0.00164591 1
1070 P 0.00164406 1
1351 P 0.00164254 1
910 P 0.00164138 1
1236 P 0.00163605 1
1072 P 0.00163516 1
1529 P 0.00163198 1
658 P 0.00163144 1
1114 P 0.00162961 1
929 P 0.00162953 1
1029 P 0.00162889 1
1111 P 0.00162718 1
1540 P 0.00162209 1
1340 P 0.00161719 1
157 P 0.00161528 1
1179 P 0.00161423 1
1792 P 0.00161034 1
1709 P 0.00161034 1
1672 _/ 0.0016094 0
1515 P 0.00160564 1
1748 P 0.00160564 1
761 P 0.00160511 1
144 P 0.00160511 1
1767 P 0.00160399 1
231 P 0.00160201 1
1481 P 0.00160088 1
1463 P 0.00160033 1
973 P 0.00159872 1
1899 P 0.00159551 1
498 P 0.001593 1
1574 P 0.00159232 1
1250 P 0.00159162 1
1897 P 0.00159157 1
1516 P 0.00159037 1
1708 P 0.0015885 1
1216 P 0.00158678 1
1009 P 0.00158558 1
1435 P 0.00157943 1
1181 P 0.00157884 1
1861 P 0.00157491 1
1211 P 0.00157105 1
21 P 0.00157032 1
1331 P 0.0015699 1
727 P 0.00156536 1
1825 P 0.00156159 1
697 P 0.00155659 1
190 P 0.00155559 1
1244 P 0.00155399 1
1155 P 0.00155029 1
993 P 0.00154187 1
1044 P 0.00154169 1
1377 P 0.00153919 1
1039 P 0.00153856 1
645 P 0.00153847 1
1153 P 0.00153764 1
785 P 0.00153764 1
769 P 0.00153429 1
1374 P 0.00153269 1
1600 P 0.00152884 1
535 P 0.00152751 1
859 P 0.00152623 1
1185 P 0.00152439 1
1385 P 0.00152127 1
396 P 0.00152072 1
1238 P 0.00152047 1
1123 P 0.00151945 1
1225 P 0.00151816 1
1578 P 0.00151527 1
1090 P 0.00151512 1
1177 P 0.00151423 1
109 P 0.00151368 1
1536 P 0.00150768 1
1326 P 0.00150768 1
1231 P 0.00150569 1
1258 P 0.00150489 1
1334 P 0.00150333 1
963 P 0.00150103 1
778 P 0.00149948 1
1433 P 0.00149793 1
1246 P 0.0014953 1
1813 _/ 0.00149479 0
886 P 0.00149346 1
1568 P 0.00149182 1
1308 P 0.00149168 1
1366 P 0.0014857 1
941 P 0.0014857 1
135 P 0.00148439 1
729 P 0.00148405 1
1157 P 0.00148313 1
1101 P 0.00148267 1
1884 P 0.00148225 1
94 P 0.00147921 1
1300 _/ 0.00147882 0
1200 P 0.00147656 1
1408 P 0.00147501 1
1437 P 0.00147392 1
162 P 0.00147298 1
100 P 0.00147197 1
1660 _/ 0.00146629 0
1606 P 0.00146534 1
1197 P 0.00146386 1
991 P 0.00146363 1
1061 P 0.001462 1
1613 P 0.0014595 1
1102 P 0.00145732 1
934 P 0.00145672 1
978 P 0.00145448 1
1047 P 0.0014509 1
1040 P 0.0014483 1
1048 _/ 0.0014481 0
797 P 0.0014481 1
1749 _/ 0.00144779 0
1662 P 0.00144779 1
1187 P 0.00144727 1
1041 P 0.0014462 1
1826 _/ 0.00144501 0
997 _/ 0.00144352 0
494 P 0.00144352 1
463 P 0.00144352 1
324 P 0.00144352 1
1735 P 0.00144311 1
1407 P 0.00144311 1
1088 _/ 0.00144311 0
1744 P 0.00143977 1
594 P 0.00143929 1
1188 P 0.00143911 1
517 P 0.00143866 1
1263 _/ 0.00143862 0
840 P 0.00143706 1
928 P 0.00143609 1
1571 P 0.00143403 1
1528 P 0.00143358 1
28 P 0.00143299 1
611 P 0.00143262 1
1014 P 0.00143125 1
1746 P 0.00143084 1
1318 P 0.00143032 1
123 P 0.00142827 1
1056 P 0.00142779 1
1320 P 0.00142775 1
1043 _/ 0.00142753 0
1309 P 0.00142624 1
276 P 0.00142552 1
1213 P 0.00142473 1
1490 P 0.00142429 1
1355 P 0.00142231 1
1380 P 0.00142171 1
558 P 0.00142171 1
995 P 0.00142111 1
961 _/ 0.00142051 0
654 P 0.00142035 0
616 P 0.00141887 1
1445 _/ 0.00141887 0
1488 _/ 0.00141586 0
1728 P 0.00141541 1
1000 P 0.00141525 1
1037 P 0.00141452 1
269 P 0.00141105 1
1221 _/ 0.00141066 0
916 P 0.0014106 1
1307 P 0.00140985 1
1412 P 0.00140936 1
1738 P 0.00140918 1
1364 P 0.00140802 1
217 P 0.00140416 1
831 P 0.00140413 1
1535 P 0.00140304 1
1276 P 0.00140282 1
1617 P 0.00140139 1
989 P 0.00140126 1
1035 P 0.00139897 1
1327 P 0.0013987 1
647 P 0.0013987 1
414 P 0.0013987 1
1247 _/ 0.00139738 0
939 P 0.00139738 1
1311 P 0.00139586 1
1073 P 0.00139586 1
1547 _/ 0.00139238 0
1405 P 0.00138858 1
322 P 0.00138679 1
1635 P 0.00138559 1
1632 P 0.00138493 1
1338 P 0.00138425 1
1401 _/ 0.00138312 0
1004 _/ 0.00138312 0
205 P 0.00138312 1
1278 P 0.00138203 1
1324 P 0.00138131 1
1322 P 0.00138076 1
1159 P 0.00138028 1
668 P 0.00138028 1
1509 P 0.0013797 1
1404 P 0.00137802 1
241 P 0.00137577 1
1791 P 0.00137557 1
65 P 0.00137377 1
933 P 0.00137352 1
1573 P 0.00137225 1
1042 P 0.00137141 1
1815 _/ 0.00137106 0
1110 P 0.00137066 1
1055 P 0.00137015 1
726 P 0.00136798 1
97 P 0.00136798 1
1270 P 0.00136791 1
1945 P 0.0013678 1
717 P 0.00136314 1
1712 P 0.00136222 1
1125 P 0.00136188 1
1313 P 0.00136128 1
730 P 0.00136029 1
164 P 0.00135583 1
382 P 0.00135516 1
1180 P 0.00135391 1
1751 P 0.00135068 1
1152 P 0.00135025 1
900 P 0.00135025 1
1144 P 0.00134561 1
1229 P 0.00134478 1
472 P 0.00134289 1
1870 P 0.00133869 1
3 P 0.00133633 1
555 P 0.00133558 1
832 P 0.00133558 1
958 P 0.00133402 1
308 P 0.00133402 1
1005 P 0.00133171 1
1158 P 0.00133125 1
613 P 0.0013309 1
1492 P 0.00133014 1
1163 P 0.00132959 1
1202 P 0.00132865 1
615 P 0.00132823 1
981 P 0.00132809 1
1251 P 0.00132504 1
524 P 0.00132416 1
345 P 0.00132416 1
1865 P 0.00132162 1
542 P 0.00132162 1
445 P 0.00132046 1
1330 P 0.00132029 1
1284 P 0.00131878 1
1253 P 0.00131065 1
1714 _/ 0.00131033 0
369 P 0.00130858 1
940 P 0.00130802 1
473 P 0.00130653 1
256 P 0.00130575 1
1699 _/ 0.0013051 0
1093 P 0.00130413 1
1837 _/ 0.0013007 0
263 P 0.00129721 1
583 P 0.00129615 1
105 P 0.00129615 1
1447 P 0.00129584 1
116 P 0.00129584 1
461 P 0.00129531 1
61 P 0.00129531 1
233 P 0.00129438 1
930 P 0.00129428 1
1118 P 0.00129395 1
174 P 0.00129195 1
1644 P 0.00129173 1
75 P 0.0012904 1
1365 P 0.00128991 1
1391 P 0.00128921 1
360 P 0.00128628 1
321 P 0.00128472 1
1268 P 0.00128441 0
1724 P 0.00128324 1
1817 P 0.00128313 1
1095 P 0.00128209 1
1103 P 0.0012814 1
600 P 0.00128109 1
1436 P 0.00127993 1
695 P 0.0012787 1
799 P 0.00127518 1
379 P 0.00127348 1
664 P 0.0012717 1
1298 P 0.00126903 1
376 P 0.00126903 1
1615 P 0.00126883 1
883 P 0.00126703 1
1332 P 0.00126591 1
1260 P 0.00126435 1
1550 P 0.0012634 1
1939 P 0.00125329 1
651 P 0.00125174 1
1209 P 0.0012511 1
1454 P 0.00125033 1
1062 P 0.00124969 1
646 P 0.00124969 1
779 P 0.00124813 1
628 P 0.00124813 1
416 P 0.00124813 1
1030 P 0.00124653 1
639 P 0.00124497 1
857 P 0.00124443 1
1156 P 0.00124134 1
988 P 0.00124134 1
1012 P 0.00124112 1
356 P 0.00124076 1
171 P 0.0012397 1
538 P 0.00123795 0
234 P 0.00123777 0
1317 P 0.00123746 1
1609 P 0.00123659 1
1136 P 0.00123501 1
891 P 0.0012346 1
471 P 0.00123393 1
213 P 0.00123393 1
743 P 0.00123383 1
191 P 0.00123379 1
1025 P 0.00123361 1
1275 P 0.00123343 1
986 P 0.00123343 1
1851 P 0.00123246 1
892 P 0.00123246 1
1414 P 0.00123183 1
1233 P 0.00123183 1
1219 P 0.00123183 1
1403 P 0.00123149 1
1457 P 0.00123143 1
1348 P 0.00123081 0
242 P 0.00123019 1
1510 P 0.00123009 1
1165 P 0.00122993 1
1835 _/ 0.00122988 0
728 X 0.00116171 0
1802 X 0.0011525 0
1790 X 0.00115175 0
1723 X 0.00102435 0
1304 X 0.000994377 0
1077 X 0.000963663 0
1731 X 0.000960351 0
1681 X 0.000953484 0
515 X 0.000952749 0
128 X 0.000950461 0
1533 X 0.000949831 0
1273 X 0.000941698 0
1496 X 0.000938509 0
1069 X 0.000928427 0
576 X 0.000910539 0
574 X 0.000880129 0
477 X 0.00085471 0
1887 X 0.000752793 0
1761 X 0.000721565 0
251 X 0.000695199 0
26 X 0.000488377 0
801 X 0.000486376 0
168 X 0.000483792 0
1721 X 0.000474444 0
1930 X 0.000472886 0
192 X 0.000420553 0
624 X 0.000199424 0
